 

VocABuLoRuM OMNIUM.'

doto 577 4
dolor 478 6 1 594 4 1 740

1

(1010ξο 521 9 1 641 91 740
10

dolorem 727 6

dolores 527 91 663 6 1 666 3

doloribus 493 6 1 808 3

dolos 433 12

dolosa 689 3

dolofi 133 9

doloso 148 51 374 51 68² 5

doluere 619 91 843 9

dolum 43 4

domabilis 418 8

domando 156 1

domari 828 10

domat 104 1

domestica faeta 898 5

domesticus 581 4

domi 5¹¹ 101 659 61685
117483175651821
1

(1013111113 9¹ 21 699 8

domina 563 8 1 730 2

dominae fing. 18361 196 11
35051418 111565 3

dommam 131 2

dominantia 893 7

domini 199 7 1 740 3
domino 211 41 683 91 693

d 517033133811
(1821ὶὲ31241ἒὲ 5 172058 6 1 756

71774 131796 101867

ἀοξτιὶιιεε 243 4,61 311 111

633316498166611
Ξο961 710 111722 21
1 2

(10011512 396 4

domitam 84 7

domitor 737 5

domitos 55 81 195 2

domitus 265 4 1 288 4

domo 19 111612119351
2242136341383121
41221460 31701 111

701 15177041772 91
839 10

domos6661107 3113351

19731227 312418
27721308113342
356714489164141

843 9
ἀοι-11111( 431 1

(1012012271163311149
28451320313681
4345143671 3
469214746148 1

50321561 2165941685

(10111116 2251 30 71195 41
208 312527131041
384714058140961
436101529 6159641
69181017027174021

(1(1171Ξ328891 40361752 71
763 91 853 5

donabat 794 6

donaberis 302 3

donandi 689 12

donandus 367 1

donant 894 10

donare 395 61411 51 653
61 910 11

donarem 394 1, 3

donarent 866 12

donari 780 3 ’

donaris 910 11

donasset 565 1

(1011213684152351688 11
7556176110176661

1 10

donat7a 763 51 847 8

donatum rude 724 1

donatura 374 9

donatus 855 7

donavere 370 2

donec 40 11272 11274 21
2891551490 41690
131774 81797 121887

d0131em 329 4

donent 640 4

dones 121 21 653 1

donet 278 5 1 499 11 816
ἀοῖιῗε 439 3 1 858 7

dono 761 8

Dorium 460 6

dormiet 812 4

dormire 5585} 614 31 738
ἀοζιέιὶῗέῐξ] Ι29519 9 q

dormis 97 8 1 659 8
dormitabo 88 1 4

dormitat 904 1

dormitum 563 1 1 580 1 1
Βᾶῗέηιῖιῒε 846 8 his

dorso 593 41 701 41774

(109Π335 5
dotalnbus 754 1
donata 335 3

dote 357 141 549 ¹ 1 755

dracones 376 7

drachmis 707 2

Drusonem 538 1

Drusum 377 6

Drusus 416 3

duarum 591 1

dub÷a 631 1

dubiae 817 9

dubiis 402 11

dubios 634 8

dabitem 837 5

dubsto 52 6

61112115 451 51 595 5

ducant 458 6

ducat 344 1172531 810 9

dure ¹4 21263172571
3181437117421252
51 813 13

ducem 373 3 1 438 7 1 463
4

ducenda 493 5 1 578 1

ducendus 577 ¹5

ducent 912 5

ducenta 574 3

ducente 256 4-

ducentia 475 3

ducentis verb. 403 2

ducentis nom. 643 ¹7

ducentos 531 41 545 5 1 608

ducere 50 81 253 5 1 205
1013922141081681.
61698 13173891775

41900 121907819ιο
12

duceret 744 11 1 853 2

duceris 709 13

duces vfrb. 74 1 1 364 6

duces nom· 151 11 311 21

(1118113132150 51 350 161 373
1 ,

duci verb. 443 4 1 706 12 1
905· 6

duabus 396 1 1 829 5

ducimus aetatem 870 3

ducis verb. 63 3 1 314 5

ducis, i. putas 787 7

ducis nom. 304 7 1 720 4 1

(1υὲ119290 5 1 348 101 381
10138541393 51606
716263173341758
2

duco 575 81 758 2
ducor 711 8

dusta 195 7
deustos 388 10
mustum 252 101 629 4.
<mestus 807 11
ducum

