pudibunda 892 6

pudica 434 41 496 11 1 689
10

pudicae 271 3

pudicis 401 6

pudico 824 3

pudicum 393 91 576 91 798

11111131272194119511
270 151468 161501 91
575316428171231811

191131011- 815211113371988‘1*⁴ ι

pudorem 77¹ 31815 51837

ne5pudoris1t 162 9 1 509 2

11116112 407 6 1 440 3 1 524 91
75131839518424

puellae 4³ 6 1 305 2 1 400 4 1
40641469 131512 151
650 61815 2.

puellam 566 10

puellarum 169 1 1669 12

puellas 296 91 328 5 1 4997

puellis 201 1 1342 1 1467 6 1
573 4

1111112311 399158 6179
2110471114 2111641
1431119321245 21305
2132061338 41363101
365113973144521446

,101451314552146471

Fuge-‘hes cythereae 300 1
puer, idest, lervus 680 51 7¹4

Ρῡέτὶι ΖΞ {4} 575 19l 666
puffr'r',}3v⁴l¹-12¹r.t 81 41 86 1 1 305
21 34711 364915359ξέ1
578616506172691
84031961 71 913 5
puemzdest, servi 720 1 1 721
1111811111ῗὲἓῖ 6
rueris 228 91239 31401 71
40641467 5156851
557815793165341
1

512 15154311

720 ml 726 121739 13
76051761718424
866 2
puero 29071405 11552 11
ἐξ {ll 82:847} 1¹0 663 ι ¹
pueros-im 502 11 547 51
669 121 750 1

pueros 51 71257 921378 ¹01
388 5l 496 2! 49951
548 118144182561339

pugi-os deorum 879 6

puerpera 491 8

puerperae 384 9

puelitiae 136 5

puerum 43 41 ¹3 51 259 31
39071576 ’3166651
687 11810 2185691907·

pugil 641 10

pugilem 368 2 1 372 41 879

pu}iles 848 1

pugna 533101779 717143

pugnabant 539 9

pugnaces 252 8

pugnae 66 7 1 233 3 1 323
101 376 8

1111321111 563 51 517 10

pugnantia 513 7 1 517 10

pugnare 100 2

pugnas, nom. 11 3 1 202 2

pugnat 278 8 1 733 8

pugnam¹ 3¹9 41 798 2

pugnavit 401 2

pugnax 387 4 1 728 9

pugnent 711 3

pugnis 51 8 1 52431 615
11

pugnis, a* pugnus 539 4

pugno, nom. 301 2

pulcher 370 111 379 101602
21 7311518228 1 856

puffcherrimus 567 4
pulchra 67 1 1 126 71292 11

600417683177811
788818008183671
88010

pulcrae 525 13

pulcre 597 7

pulcri 519 118152

pulcrior {7 1 1 182 3 1 290
pul1cssi¹s 2223 6¹146746851
pulcrius 795 4
pulcrum 735 3 1 738 7
pulla 99 21485 2
pullam 588 13

pullis 428 5 1 669 1

18123

pullo 635 8

pullos 867 4

pullum 535 Ῑ1 538 7
pulmenta 626 2 1 813 5

pulmentaria 623 6 ,
pulpita {22 3 1 846 91 89111]
pupi-3 l526976 3 ⁴ ᾗ
pulsanda 139 1 ἓ.
pulsat 22 1 1 506 9 ’

pulses 695 6
pulset 87 6

pulfis 616 8
pulso 308 2
pulsus 571 2 «ζ’-
pulvere 27 7 1 95 11 112 5111-

151 21 387 8 1 662 1
pul7v²e9rer1n 2 21 252 2
pulveres 49¹ 4
pulveris 35 2 1
pulvillos 459 2
pulvinar 139 2.

pulvis 392 12 1 547 0 1 8031.
7

   
   

³*

107 11719 311

pulvis & umbra sumus 392 j
12

pumice 824 2

pumicibus 47 3

11110610 863 1 1867 13
punRum 903 2

Punica bella 845 4

Punicae 404 4

Punicio 279 41 464 1
Punicis 269 5

puparn 568 1

pupillam 658 1

pupillis 726 8

pupillo 841 5

puppes 462 10

pulv! 730 6

puppibus 61 5

pupulae 447 6

pura 168 9 q,
purae312 41491 51860 14
pure= 526 111727 91817 1 a*
purgantem 764 6

purgatam 725 1

purgatum 641 7

purgo vel purgor 899 8

puri 532. ι Α
purior 59641 773 51 7972
pum 432 51 549 5 1 55081

 

680 2
purius 80 4 j
11111Ο 264 51292 3133251Ι
35731575 101741 61⁶·

purpura 215 2 = '
purpurae 413 11 1 432 10141
444 7 · ³<

Pffll’u

  

