VocAssvLoRuM OMNIUM.

quoscunque 577 9 1 683 10

quot 615 111756 3

quota 320 3

quota est hora? 697 8

quotannis 434 9

quoties 23 51 368 101 402 41
32246618132181731

quotq3uot 205 4

quoequotsunt 704 8

quotus 751618319

qnvvis 536 9

Quinti 191 2 1 660 9 1 796
1

Qintiiio 911 7

Qintilium 94 5 1 95 7
quinto 889 2

quippe 11981517 2

¹ Q1811ini1361421 6148171

Quirinus 251 61 604 2
Quiritem 174 3
Qiriubus 255 9
¹ Qurffls 752 7
Qiritum 4 11 415 6
quis, id est, aliquis 76 4 1 349 ,
1143751481915766
qms non 153 1
quis, verb. 710 10
quisnam 652 41710 1
quisquam 284 3 1 289 2 1
533 9 1 543 5 1 575 151
533 §⁰¹ 634 31 694 5 1 77⁶ 133g·;g 1 669 101
> 4
qui7sq3e 199 8 1 311 71 385 rabies 879 2
31 518 7 1 570161 572 71 12111012 860 3
qu3-s31321s10115511517 1¹34? ¹19189 Ξξὲῗῐξῑοὲ 81ιό82 1
1133591366116188 1111121486 2
quive 603 1 radere 680 10
quivis 549 6 1 574. 11 1 576 radice 866 9, 10
41 614 91 675 31635 rddices 714 3
51 857 41 893 ι31 895 radit 695 1
11 1211111 450 4
quodam, adverb. 727 4 ramis 160 4 1 211 5 1 436
quocunque 111 11 357 41509 1
11547 141668 121714 ramos 432 115669
7174991765 11889616619 445 91558 21669
ςυξεῗῗὶῐζξῑξξὲἳξ 121101ε101η 632 13
quomodo 595 8 rapaci 789 4
quondam 190 5 ξ 52341632 rapacibus 482 61 626 8
61651 61684 4181561 rapacis 228 5
867 8 1 907 8 rapacium 380 10
quone 667 3 rapax 129 4
quoniam 572 21 668 1 1 673 rape 286 9
41698 3, rapere 197 7 1 566 4
quoque, ad]- 720 81 814 10 rapxam 78 2
quorsum 639 51 656 3 1661 1291211105 472 4
qussrfflnojgg opus? 712 ⁴10 ἓξὲξ) 668079 51l 807 4
quorum 51 9 1 334 2 1 486 rapidos 50 5
131544 21 677 11 791 rapidum 185 916608
2 .rap'1dus 109 7 1 419 2
quos 2 2159 2161 11 168 rapiente 255 4
41251 21258 71 340 11 rapientes 540 5
367 6 1 368 1 1 381 11 rapies 645 4
384 121408 9 151341 1119101200 4
514 51 540 52 δίε. rapimur 56711ὁ
2 a 4

 

R.

Abidos 907 5
rabiem 17 41 64 11

rapinis 651 2
NPJS 339 51654 41 7131
raplt 220 1 1 246 8 1 392
41457 11514111593
1016146172611886
2
1211111111 298 11
rapta 446 1
rapta 104 2
raptam 808 2
ruptas 356 7
raptem 278 5185912
raptts 445 2
rapto 787 4
raptor 323 3 1 3864
raptum 368 5
s-'IPUIS 324 4
ΥΔΡαιῑ 200 4
rapula 627 3 1 764 3
rara 1141 13321 365 61
43311115211015842
rara avxs 624 6
raro 249 2 515 6
626616⁸375 3154 71
rarus 895 7
ratas 750 3
ratem 17 1 1 466 4 1 432.
10
rates541 18 71393 3
ratio 506 1 1 522 91 537
{154³ 111 577 71646
1658 101 661 61 778
faffone 663 91 664 4 1 675·
31683716926182962
'¹2 11
ratic’mibus 90¹ 7
rava 344 2
rauca 803 8
rauci 207 1 1 5506
re 111110 gest} 642 6
re vera 711 5
rebus agendis natum 879 5
xecslcitrat 615 4
1002012113 71 1
50100έο1115οὸ 11 1 863 x,-
recedentis 234 2
recedentes anni 888 9
recedo 798 12
11000115 134 2 1 24³ 6 1 350
516272174181833
regent-es 348 11
recent· 230 4
recentibus 876 11
recentum 41 2
caepisset 566 8 ,
recepzt

