matronam 523 3

matronas 525 2

matronis 66 4 1 423 6

matrem 726 ¹4

matum 277 6

maturare 283 3

mature 725 21767 121839 6

maturet ¹93 7

mammol- 2-0 2

maturo 307 8

maturos 381 51 497 71829 1

3315716ζῖ338, 1

matatinst 697 9

Matut'zne ‚aur 694 1

1112ν131241258 ,1 34641
35031 527 31546 101

Μῖἵο9111111497 3

Maura 171 1

Μευή 12 10188 6

Mauri< 293 7

mavult 627 4

maz-:ima 586 3 1 643 15 1 646
7 ¹ '728 2

1112111012 para homhwm 649 16

maxima pars vatum 875 2

maxime 416 1 1 519 11 543
31655317351

Mamm! 363 6

maximus 693 6

mazonomo 721 4.v

me64‚5174;24513051

81 12022312371231,
0565132371353515361
7 1 554 8

mengelh 684 2

¹men 610 9 ,

meque& te 788 6

111027311851117821
01401357 111371 61
41071477 41536 141
538 71 575 11

1002166117141220 11
31151 32271 37091449

513331,ᾲὲξέ

mearis 22 5

mearum 21951 :65 11734 1

meas 365 61 458 2

111000111333115421170 11

174 1 1 048 61

324 5 1 555 8 1
5981 655 111658 91
750 31 788 71811 101
887 1

mecum facit 836 3

Medea 438 7 1 802 9 1 8893

Μεάεκ 449 4,-

Medi 215 1

58

{ml

INDEX

11111618 547 3 l 648 71 6604
111θάιᾶ de neele 767 3 1 816 3

media 'mter carmina 847 1 1

mcd'zae 320 6

mediam noch-m 604 3

medias 246 8 1 347 7

medlaffinus ÷88 1

medicata 270 5

medici 733 13 1 840 10

medicis 768 9 1 866 7

medicorum 840 9

medi-:um 5¹2 12164110

medam 651 8 1 666 7

medii: 301 7

medio 164 113564152781
55014188631894 3

medm dxe 713 4

medmcnbus >555 1, 101 575
11 1 905 2

medi-*cm 904 12

ω’ἀ1οςτὲτ2εεη1 189 1

τηε-2100111811 816 11

medio< 310 1 1 417 41 643
131738718903

1140110 ¹53 31 454 5

mcdnans 340 4 1 592 ι

rnedsstant-bus 860 14

meditantis 329 3

meditantur γ288 5

meditare 860 4

meditatur 278 2 1 417 8

mediter 663 3

meditor 412 3

1114ώιιη151315152031572
7164061701 141809
91886 5190410

medms 233 41 254 7

Medo 1134121584

Medos ¹4 1

medulla 447 3

medullis 774 1

Medum flumen 187 1

Medus 233 11418 91501 6

Μσάυςεεὶῃεςεε 102 5

Megillae ¹03 5

11101101 4136031369 51
699 2

meiat 707 11

1110157161256 71312 21
394014005141181418
131448 51468111494·

91 559 7
Meleagn 885 7

melimela 716 7

melior 326165 10112651
2407127615 1 30111
3112114843153481
568 31 67451 706 151
330117747178701
711

melior pars 482 ε
meliora 115 11524 101622 υ
1170131831 818999
meliore 104 7 1 640 21 650 1-'*‘·
meliorem 684 12
meliori 598 1 1 728 8
melioribus 684 2 1 741 7
1110Ιί01156ιό 11672 11707 11
melius 11 2 1 348 10 1 370 »,
1148291502 152561
617 7 l 634 2 732 111 ,,,,
{³⁴53 23 l 753 61 859 1113
melius 19571255 11 313 31 '7:-
3341138381513121,
555 6153311166171
606 3107361 69241κ
3139119329, 1933· 11
mella17251231 4131281
432514853161311
673 31822 7
melle 618 41905 5
mellicst 696 1
mellitis placentis 772 7
melos 258 ι

Melpomene 94 3 1 361 4] .
:ne-'ZZmI 5 81 452 7148931 *¹
5c64l5502l554 ι

1-ηέᾗέτέ ἑαῖὶῗῑιΐεξρὲτὶγῖἕςέ 5
membranam 638 1
membranis 907 1

membris 47071 813 7 1 873 3 ³»

memento 3¹ 51 159 11 223 ³¹.

413562146541671 101 ,ζ
68161687417697 “

memini 598 11715 61836 5 ‘'
meminisses 697 11 '⁸
meminit 743 8 Ι 855 2
Memnona 604 6 :.-
111011101- 125111364134651 ’-“
3851014124163111 „
67191701 101904 10
memorata 864 4
memoratur 511 7

memorem, nom. 58 7 1 298 1

131 305 ¹0
memorem, verb. 52 5 1 590
41 843 3

,12332317113311616 „

Memphim 343 2

men’ 61091651 13

Mena 765 2

Menam 764 10

Menandro 639 5 1 834 1
mendacem 5156710 1 799 3 1
9¹0 ¹⁰ mendaci ’

