Vo'exfitii‘diz'vm OMNwM.

negotia 273 41 572 3 1 640 nequ3ties 636 8
6 1 696 2 1 755 2 1 764 Nerelfium 352 6
141 788 4¹ 827 1 Neremm 488 3
negogiis 430 ‚1 Neryus 63 3
fae-gotio 357 7 Nemo 645 1
nemo 5051 15132151461 Neronfs 378 10
536121 546 111570 1} Neronf 856 1
578 4 1 595 10 {5505 71 Neron-:bus 379 8
727 111 8573 Neronns 768 21 77041783
‘nemon 5146} 706 8 4-
'nemora 340 1 Neronum 416 9
nemoris 701 4 neer 875 4
nemorum 164 1 328 4-1 373 ΠθΠῚδ 294 6 l 6¹3 2 1 677
7 ’ 717091217921
nervos 108 6
nescia 247 1
nescias 165 1

nesciet 774 141 875 13

nescii 26 5

nempe 471 31 5992 1 656
9179911171111773
76179881301 111866

001003651721129151

515 11 341 21 '369 4} ’16810691 1, 9 1 697 121
45471772318615 ⁶455
Neobule 3003 nescm quid 339 4 1 597
ἓξὲξ, 4191ιί1Ι nequam 429 6 1 neg-{0 (111011 858 10
548 12 ⁷ nescms ranpueros 388 5

nescire 69991 879 11 1 910

11113ςί5 350 131 512 31 871

nepotem ²53 21 488 31615
negotes 12 61 Ι151 3 1 658
¹⁰ ne cit 3031133831773121

781 11965 919662
nescit vox miffa reverti 907

nepoti 587 31 618 11869 7
nepotibus 457 8

115ξὲ111111 198 3 1 3143 1 794
Neptuni 351 2

Neptunius 461 1

Neptuno 111 5 1456 1
Neptunum 352 6 1 777 6
Neptunus 492 3 1 877 12

2
nescius 24 3 1 649 4

Neffi 490 3

Nestor* 736 6

Nestora 65 4
110014111252113221

nequam 711 ‚6 137 1,2‚ 3? 5³ 6 bis 1 482
nequaquam 677 21829 6 1 14 540 2 bu 1 601 1 1 084.
1101100711191012031 73685718897

291131919531161111111115716996179791

528 11, 12> 13 1 548 3, 889 7

41550 111 555 41 561 neutram 630 3

52 6 1 575 14 bis! 577 1> ‘¹5³³‘ae ¹43 2

&c- 111 388 8 1 427 4 1 510
nequeas 629 7 1 1 526 6 1 564 41 646
nequeo 6¹4 3} 879 1ο 101651 121739 3 1359
nequeunt 5374168141711 12

12 nido 386 2 1 628 21 826

nequicqu'am 18 4 1 64 2, 51 2 ,

705 1 1 745 3 mesore 623 51 706 12
nequieze 682 11 nidum 259 5 1 409 5 1 772
pequffor 647· 9 1 706 14 2

niger 465 5

niger pro malus 551 11
11ὶὲ111 559 7 1 588 9
mgrae 382 8 1 552 14
mgn 347 32111111 5 «

nequxores 281 1

nequit 5¹4 51551 11

nequitia 660 10

nequitia 266 1 1 307 6 1
794 7 ‘

nigris 23 71 86 61 124 181

470 ¹ 1 561 5 1 572
751517 61 67511 875

nigro 96 41124 1118131
Ξέἓ 4 183611ιῖ 1 680 11

ῃξςτοωξηί 417254 ³

mgros 762 4

nigrum 27 85 1 93 5

11111131 21108 511443}
226 3}- 331 61347 11Ι
370 11 4671149751
5328161581 64771
698 8

1111111 amplifis 692 4 1 740 γ’

1111111 est ab omni parte bsskfflffl

niffiffigror 793 3

1111111 non 882 8

11111111) 5653 1 643 8, 12

11111110 plus 510 5 1'664 3

11111110 sapientior 865 13

nihilum 643 ¹01 6¹57 31717

1¹1¹ Ῑ9 91 38 3151113161
511914-11637591311
31341 6171468 551411
4991111 599 71519 61
51361515 1151951517
11551 115414551619
2

nilego 711 8

nil est 638 5

nil extra numerum modumque
814 1

1111 intentatum 898 3

nil medium est 520 3

nilmoror 546 21 8554

nilnifi 673 5

1111112011 382 11

nil praeter 602 4

1111 satis est 511 5

nil tanti est 899 1ο

1111 verbi 642 11

1111111112 655 1

Nilus 454 91 919 2

nimbis 376 3

nimbos 217 3

nimio 78 ᾳ 1 125 1

nimirum 63²4 65 649 151
779317878179451
866 1

nimis 12 81283 11-’333 11
61311751518913

mmmm 10 71800191 11
16061 195 1

nimium 188 3 1 190 801

252*

