VocAanonM OMquM.

non fi 205 4

non fine 278 71 282 31 302
21342213568167421

“ 718 71 721 5

non fine Dus 259 11

non fine 111111ῑᾶ 121,άο 897 5

non fine questu quod, &c.

n0191 fin7e votis 698 10

11011 tamen 357 31 727 1

11011 tangenda vada 18 7

non unquam 5¹3 121 5713

1111))ιῖ 311512ζί ἶ12385 1 ¹

non ufitat'is 450 9

non vult 663101 879 12

non vultis 521 8

Nona 713 1

nona: 317 8

umnam 765 12

nmmum 148 2 1 167 1, 2 1
8 1

non}e36021528 1155391
6 6 1

nono 575 7

,nonum 405 3 1 906 8

noram 641 5

N-›rico 494 2

Noricus e fis 68 4

noris 49 7 1 592 6

norma 212 2 3 878 7

nos 22312641.7 10 bisl
32611346116231221
51281113376,81352
51392 19142361484
71535 111548 41551
215633157171877
11

noscent 237 3

noscere 710 71 910 10

nosces 65 9

nosmet 536 11 1 603 2

nosse 715 4

nosset 597 7

noster 697 12

110111 494 81 541101 571 41
649 51 737 9

nostra ¹70 21612 41838 5
1113184991 877 11

nostras 906 8

nostri, gea.fi.⁷1g.s382 2

nostri, gen. plur-‘298 131 346
6 1, 784 4

nostrn, normplur. 896 31 898

1101311111 1371252 10 1423 31
510 101 829 5

nostro 69 6115581270 11
421 3

nostrorum 746 1
nostros 276 1 1851 12

novit 770 6
novitas ·8 38 6 ’

nostrum 19 11 1 222 2 1 609 nmis-‘st‘ 89ἓ 5

718353

Navium 532 8

nostrum, ‹geniaplural- 616 61 Novi& 574 1

797 6

ww> 138 212134124451

1161296113671 160 ι 1· 377415719
414 31 503 4} 7761! ,110171563631832 2

792 51 898 1
nora, suist. 877 7
1101111201 545 x
1101211111 912 3

no[am.jur2star.s. 58 7 1 371 9 1

852 10

notandi 61 2 1 187 4

1101111ῑά0 553 6

11011119 571 3

notarent >35⁴ 6

11001, 532 11

noras, asj. 296 11 1 366 61
886 2

notat 8124 5

notans 7³4 4

Nwthi 328 3

Nom 17 4

nuti, asjeci. 512 151 772 1

Νο11382 ι

mast& [ubst. 395 7

110111, adj-5. 414 21

Nato 4614 51 455 10

noto 16 4] 8931319035

notos 566 5

notum 582 21 592 161754.
51315813759

notum, five cmmne 674 11

notus 31 211110 11383 91
482 8 1 562 2

notus, asjff. 155 5 1 265 2 1
489 4 1 521 1

11011192119213311135
11183511865125931
34³ 21367 2148341577
11696518123186461
876 141 877 5

novae 226 8 1 320 51498 2

novam 450 1 1 883 1

novas 4¹1 5

novem 320 7 1 502 2

novem Mufis 162 5

novendialss 49¹ Δ..

noverca 444 9

novi, nom. 59 5

novi, verb. 346 10 1 593 51
595 41634 131641 61
68 1 809 1

Νον101ω11 5330 3

novis 101 51 3654148041
49361586516702

11011111 759 2717772 10

' Δ Ζ

842 2

novum 118 2 1 875 10

novus 636 5 1 641 8

nox 22 4} 109 11293 121
3521214487147711

489 111557 61791141

726 6

nub: 12 21357 2

nmen] 800 101 816 6

nubes 52 112111. 2 {417 21
893 3

nubet 6:58 5

abssas 184 1 1 3-4 2

nabau 31 31 128 1

nnbmm 369 1

nuce 1535618315

1111161653 5

111115 894 9

nuda 95 2 1 349 81 392 2

nudam 527 2

nudare 720 5

nudat 821 1

numm 7444

nuci-amr 892 4

mdc! 6:36 6

n22d23 321 61492 21588 101
690 ⁶

mdo 333 101 529 91 819 )

nudum 60 3

nudas31= 91 654. 5 1131666
61 683 3

nuga· 901 4-1 912 5

nugam 619 81 838 9

nugaris 814 2

nugarum 592 1

11132 697 7

nugis amedeis 866 1

nugis 660 101810 518212- 51

12

nuga 9351 112 31 212 4-1
22841446 71451 191
482314869153271
574151 593 31729 121
3515175211 1 85721

nullam 75 1 1 520 5 1 523
1111131195 511363153631
ἓξὲξ 1 6768168321

11οἶ11110

